1	11167542	11167557
1	11168238	11168343
1	11169347	11169427
1	11169706	11169786
1	11172909	11172974
1	11174375	11174510
1	11174870	11174944
1	11175453	11175525
1	11177061	11177143
1	11181303	11181425
1	11182036	11182183
1	11184555	11184690
1	11186679	11186853
1	11187067	11187201
1	11187681	11187863
1	11188061	11188183
1	11188511	11188609
1	11188912	11189008
1	11189795	11189895
1	11190586	11190834
1	11193137	11193254
1	11194408	11194523
1	11199361	11199492
1	11199590	11199715
1	11204705	11204812
1	11205025	11205102
1	11206733	11206848
1	11210183	11210283
1	11217209	11217348
1	11227499	11227574
1	11259315	11259460
1	11259598	11259760
1	11264618	11264760
1	11269369	11269515
1	11270871	11270963
1	11272369	11272531
1	11272853	11272965
1	11273456	11273623
1	11276205	11276291
1	11288725	11288975
1	11290982	11291111
1	11291357	11291491
1	11292493	11292585
1	11293455	11293544
1	11294200	11294322
1	11297900	11298105
1	11298459	11298674
1	11300360	11300604
1	11301610	11301738
1	11303171	11303357
1	11307682	11307790
1	11307876	11308151
1	11313896	11314030
1	11316049	11316249
1	11316990	11317222
1	11318542	11318650
1	11319305	11319466
1	11856378	11856378
1	97915614	97915614
1	97981343	97981343
1	115251156	115251275
1	115252190	115252349
1	115256421	115256599
1	115258671	115258781
1	161479745	161479745
1	161514542	161514542
2	16082187	16082976
2	16085615	16086219
2	25457148	25457289
2	25458576	25458694
2	25459805	25459874
2	25461999	25462084
2	25463171	25463319
2	25463509	25463599
2	25464431	25464576
2	25466767	25466851
2	25467024	25467207
2	25467409	25467521
2	25468122	25468201
2	25468889	25468933
2	25469029	25469178
2	25469489	25469645
2	25469920	25470027
2	25470460	25470618
2	25470906	25471121
2	25472526	25472593
2	25475063	25475066
2	25497810	25497956
2	25498369	25498412
2	25505257	25505580
2	25523008	25523112
2	25536782	25536853
2	29432664	29432664
2	29443613	29443613
2	29443631	29443631
2	29443695	29443695
2	29445213	29445213
2	111881323	111881716
2	111886204	111886328
2	111899890	111899968
2	111902065	111902068
2	111907621	111907724
2	111909399	111909428
2	111918996	111919016
2	111921710	111921808
2	198257027	198257185
2	198257696	198257912
2	198260780	198261052
2	198262709	198262840
2	198263185	198263305
2	198263693	198263752
2	198264779	198264890
2	198264976	198265158
2	198265439	198265660
2	198266124	198266249
2	198266466	198266612
2	198266709	198266854
2	198267280	198267550
2	198267673	198267759
2	198268309	198268488
2	198269800	198269901
2	198269999	198270196
2	198272722	198272843
2	198273093	198273305
2	198274494	198274731
2	198281465	198281635
2	198283233	198283312
2	198283656	198283675
2	198285102	198285266
2	198285753	198285857
2	198288532	198288698
2	198299696	198299723
2	209113111	209113114
2	234668881	234668882
3	10183532	10183871
3	10188198	10188320
3	10191471	10191649
3	38182641	38182641
3	41266124	41266124
3	41266135	41266138
3	52436304	52436437
3	52436618	52436690
3	52436795	52436956
3	52437154	52437314
3	52437432	52437910
3	52438469	52438602
3	52439126	52439310
3	52439781	52439928
3	52440269	52440392
3	52440845	52440923
3	52441190	52441332
3	52441415	52441476
3	52441974	52442093
3	52442490	52442622
3	52443570	52443624
3	52443730	52443759
3	52443858	52443894
3	178916614	178916967
3	178917478	178917687
3	178919078	178919328
3	178921332	178921577
3	178922291	178922376
3	178927383	178927488
3	178927974	178928126
3	178928219	178928353
3	178935998	178936122
3	178936984	178937065
3	178937359	178937523
3	178937737	178937840
3	178938774	178938945
3	178941869	178941975
3	178942488	178942609
3	178943750	178943828
3	178947060	178947230
3	178947792	178947909
3	178948013	178948164
3	178951882	178952152
4	55152093	55152093
4	55592023	55592216
4	55593464	55593464
4	55593582	55593708
4	55599321	55599321
4	106111627	106111643
4	106155054	106158597
4	106162496	106162590
4	106163991	106164084
4	106164727	106164935
4	106180776	106180926
4	106182916	106183005
4	106190767	106190904
4	106193721	106194075
4	106196205	106197676
5	1295161	1295373
5	170837531	170837569
6	117638347	117638347
7	50358658	50358697
7	50367234	50367353
7	50435704	50436068
7	50444231	50444491
7	50450238	50450405
7	50455043	50455168
7	50459427	50459561
7	50467616	50468325
7	55086971	55223639
7	55224226	55224352
7	55224452	55224536
7	55225356	55225446
7	55227832	55228031
7	55229192	55229324
7	55231426	55231516
7	55232973	55233130
7	55236216	55236222
7	55238000	55238237
7	55238868	55238906
7	55240539	55240593
7	55240676	55240817
7	55241614	55241736
7	55242415	55242513
7	55248986	55249171
7	55259412	55259567
7	55260459	55260534
7	55266410	55266556
7	55268009	55268106
7	55268881	55269048
7	55269428	55269475
7	55270210	55270458
7	55272949	55273310
7	87138645	87138645
7	116335811	116335853
7	116339125	116340338
7	116371722	116371913
7	116380004	116380138
7	116380906	116381079
7	116395409	116395569
7	116397491	116397593
7	116397692	116397828
7	116398513	116398674
7	116399391	116399544
7	116403104	116403322
7	116409699	116409920
7	116411552	116411708
7	116411903	116412043
7	116414935	116415165
7	116417443	116417523
7	116418830	116419011
7	116422042	116422151
7	116423358	116423523
7	116435709	116435845
7	116435941	116436178
7	140426294	140426316
7	140434397	140434570
7	140439612	140439746
7	140449087	140449218
7	140453075	140453193
7	140453987	140454033
7	140476712	140476888
7	140477791	140477875
7	140481376	140481493
7	140482821	140482957
7	140487348	140487384
7	140494108	140494267
7	140500162	140500281
7	140501212	140501360
7	140507760	140507862
7	140508692	140508795
7	140534409	140534672
7	140549911	140550012
7	140624366	140624503
7	148504738	148504798
7	148506163	148506247
7	148506402	148506482
7	148507425	148507506
7	148508717	148508812
7	148511051	148511229
7	148512006	148512131
7	148512598	148512638
7	148513776	148513870
7	148514314	148514483
7	148514969	148515209
7	148516131	148516151
7	148516688	148516779
7	148523546	148523724
7	148524256	148524358
7	148525832	148525972
7	148526820	148526940
7	148529726	148529842
7	148543562	148543690
7	148544274	148544390
8	38271146	38271322
8	38271436	38271541
8	38271670	38271807
8	38272077	38272147
8	38272297	38272419
8	38273388	38273578
8	38274824	38274934
8	38275388	38275509
8	38275746	38275891
8	38277051	38277253
8	38279315	38279459
8	38280543	38280693
8	38282027	38282217
8	38283640	38283763
8	38285439	38285611
8	38285864	38285962
8	38287200	38287466
8	38297824	38297890
8	38314874	38315052
8	38318614	38318624
9	5073770	5073770
9	21968208	21968241
9	21968724	21968770
9	21969731	21969792
9	21970890	21971207
9	21974677	21974826
9	21994138	21994453
9	133748283	133748283
9	133748288	133748288
9	139390523	139392010
9	139393351	139393448
9	139393564	139393711
9	139395004	139395299
9	139396200	139396365
9	139396453	139396540
9	139396724	139396940
9	139397634	139397782
9	139399125	139399556
9	139399762	139400333
9	139400979	139401091
9	139401168	139401425
9	139401757	139401889
9	139402407	139402591
9	139402684	139402837
9	139403322	139403523
9	139404185	139404413
9	139405105	139405257
9	139405604	139405723
9	139407473	139407586
9	139407844	139407989
9	139408962	139409154
9	139409742	139409852
9	139409935	139410168
9	139410433	139410546
9	139411724	139411837
9	139412204	139412389
9	139412589	139412744
9	139413043	139413276
9	139413895	139414017
9	139417302	139417640
9	139418169	139418431
9	139438476	139438554
9	139440178	139440238
10	43617416	43617416
10	89624227	89624305
10	89653782	89653866
10	89685270	89685314
10	89690803	89690846
10	89692770	89693008
10	89711875	89712016
10	89717610	89717776
10	89720651	89720875
10	89725044	89725229
10	104852980	104852980
10	123239095	123239184
10	123239371	123239535
10	123239565	123239627
10	123241686	123241691
10	123243212	123243317
10	123244909	123245046
10	123246868	123246938
10	123247505	123247627
10	123256046	123256236
10	123258009	123258119
10	123260340	123260461
10	123263304	123263455
10	123274631	123274833
10	123276833	123276977
10	123278196	123278343
10	123279493	123279683
10	123285669	123285708
10	123286243	123286266
10	123297908	123297924
10	123298106	123298229
10	123310804	123310973
10	123324016	123324093
10	123324952	123325218
10	123353223	123353331
11	32413518	32413610
11	32417803	32417953
11	69456082	69456279
11	69457799	69458014
11	69458600	69458759
11	69462762	69462910
11	69465886	69466050
11	108098352	108098423
11	108098503	108098615
11	108099905	108100050
11	108106397	108106561
11	108114680	108114845
11	108115515	108115753
11	108117691	108117854
11	108119660	108119829
11	108121428	108121799
11	108122564	108122758
11	108123544	108123639
11	108124541	108124766
11	108126942	108127067
11	108128208	108128333
11	108129713	108129802
11	108137898	108138069
11	108139137	108139336
11	108141791	108141873
11	108141978	108142133
11	108143259	108143334
11	108143449	108143579
11	108150218	108150335
11	108151722	108151895
11	108153437	108153606
11	108154954	108155200
11	108158327	108158442
11	108159704	108159830
11	108160329	108160528
11	108163346	108163520
11	108164040	108164204
11	108165654	108165786
11	108168014	108168109
11	108170441	108170612
11	108172375	108172516
11	108173580	108173756
11	108175402	108175579
11	108178624	108178711
11	108180887	108181042
11	108183138	108183225
11	108186550	108186638
11	108186738	108186840
11	108188100	108188248
11	108190681	108190785
11	108192028	108192147
11	108196037	108196271
11	108196785	108196952
11	108198372	108198485
11	108199748	108199965
11	108200941	108201148
11	108202171	108202284
11	108202606	108202764
11	108203489	108203627
11	108204613	108204695
11	108205696	108205836
11	108206572	108206688
11	108213949	108214098
11	108216470	108216635
11	108218006	108218092
11	108224493	108224607
11	108225538	108225601
11	108235809	108235945
11	108236052	108236235
12	25360224	25360224
12	25362729	25362845
12	25368375	25368494
12	25378548	25378707
12	25380168	25380346
12	25388140	25388160
12	25398208	25398329
12	58142308	58142400
12	58142965	58143100
12	58143237	58143287
12	58144439	58144548
12	58144706	58144873
12	58144990	58145125
12	58145283	58145500
13	28578189	28578311
13	28588589	28588694
13	28589294	28589393
13	28589727	28589838
13	28592595	28592726
13	28597487	28597614
13	28598998	28599080
13	28601225	28601378
13	28602315	28602425
13	28608024	28608128
13	28608219	28608351
13	28608438	28608544
13	28609632	28609810
13	28610072	28610180
13	28611322	28611425
13	28622412	28622580
13	28623521	28623674
13	28623772	28623911
13	28624232	28624359
13	28626682	28626811
13	28631484	28631599
13	28636004	28636206
13	28644628	28644749
13	28674605	28674647
13	32890598	32890664
13	32893214	32893462
13	32899213	32899321
13	32900238	32900287
13	32900379	32900419
13	32900636	32900750
13	32903580	32903629
13	32905056	32905167
13	32906409	32907524
13	32910402	32915333
13	32918695	32918790
13	32920964	32921033
13	32928998	32929425
13	32930565	32930746
13	32931879	32932066
13	32936660	32936830
13	32937316	32937670
13	32944539	32944694
13	32945093	32945237
13	32950807	32950928
13	32953454	32953652
13	32953887	32954050
13	32954144	32954282
13	32968826	32969070
13	32971035	32971181
13	32972299	32972907
14	105246551	105246551
15	90627498	90627585
15	90628048	90628140
15	90628233	90628330
15	90628507	90628619
15	90630344	90630495
15	90630671	90630807
15	90631591	90631734
15	90631819	90631979
15	90633711	90633876
15	90634785	90634876
15	90645508	90645622
17	7565257	7565332
17	7569524	7569562
17	7572927	7573008
17	7573927	7574033
17	7576537	7576584
17	7576625	7576657
17	7576853	7576926
17	7577019	7578554
17	7579312	7579590
17	7579700	7579721
17	7579839	7579912
17	37855813	37855840
17	37856492	37856564
17	37863243	37863394
17	37864574	37864787
17	37865571	37865705
17	37866066	37866134
17	37866339	37866454
17	37866593	37866734
17	37868181	37868300
17	37868575	37868701
17	37869406	37869522
17	37871539	37871612
17	37871699	37871789
17	37871993	37872192
17	37872554	37872686
17	37872768	37872858
17	37873573	37873737
17	37876040	37876087
17	37879572	37879710
17	37879791	37879913
17	37880165	37880263
17	37880979	37881164
17	37881302	37881457
17	37881580	37881655
17	37881960	37882106
17	37882815	37882912
17	37883068	37883256
17	37883548	37883800
17	37883942	37884297
17	41197695	41197819
17	41199660	41199720
17	41201138	41201211
17	41202079	41202109
17	41203080	41203134
17	41209069	41209152
17	41215350	41215390
17	41215891	41215968
17	41219625	41219712
17	41222945	41223255
17	41226348	41226538
17	41228505	41228631
17	41231351	41231416
17	41234421	41234592
17	41242961	41243049
17	41243452	41246877
17	41247863	41247939
17	41249261	41249306
17	41251792	41251897
17	41256139	41256278
17	41256885	41256973
17	41258473	41258550
17	41267743	41267796
17	41276034	41276113
17	41277199	41277202
17	46805705	46805705
17	74732243	74732546
17	74732881	74733242
18	48573417	48573665
18	48575056	48575230
18	48575665	48575694
18	48577724	48577785
18	48579005	48579022
18	48581151	48581363
18	48584495	48584614
18	48584710	48584826
18	48586236	48586286
18	48591793	48591976
18	48593389	48593557
18	48603008	48603181
18	48604626	48604837
19	1206913	1207202
19	1218416	1218499
19	1219323	1219412
19	1220372	1220504
19	1220580	1220716
19	1221212	1221339
19	1221948	1222005
19	1222984	1223171
19	1226453	1226662
19	1227592	1227856
19	7975157	7975157
19	13054527	13054727
19	30303463	30303485
19	30303596	30303683
19	30303876	30303944
19	30308044	30308189
19	30308313	30308466
19	30311609	30311755
19	30312629	30312724
19	30312903	30313037
19	30313147	30313258
19	30313353	30313510
19	30314562	30314684
19	33792244	33793320
19	44055726	44055726
19	45854919	45854919
20	30946579	30946635
20	30947550	30947594
20	30954187	30954269
20	30955530	30955532
20	30956818	30956926
20	30959581	30959586
20	30959967	30959972
20	31015931	31016051
20	31016128	31016225
20	31017141	31017234
20	31017704	31017856
20	31018946	31018979
20	31019124	31019287
20	31019386	31019482
20	31020683	31020788
20	31021087	31021720
20	31022235	31025141
20	57428713	57428713
21	44514777	44514777
21	44524456	44524456
X	100611165	100611165
