transcript	chromosome	start	stop
ENST00000265724.3	7	87138645	87138645
ENST00000318560.5	9	133748288	133748288
ENST00000372348.2	9	133748283	133748283
ENST00000407796.2	14	105246551	105246551
ENST00000389048.3	2	29443631	29443631
ENST00000389048.3	2	29443695	29443695
ENST00000389048.3	2	29432664	29432664
ENST00000389048.3	2	29443613	29443613
ENST00000389048.3	2	29445213	29445213
ENST00000393256.3	2	111883195	111886097
ENST00000288602.6	7	140453136	140481403
ENST00000288602.6	7	140453136	140453137
ENST00000288602.6	7	140453136	140453136
ENST00000288602.6	7	140453136	140453137
ENST00000288602.6	7	140453135	140453136
ENST00000308731.7	X	100611165	100611165
ENST00000316448.5	19	13054527	13054727
ENST00000227507.2	11	69455855	69469242
ENST00000262643.3	19	30302805	30315215
ENST00000257904.6	12	58141510	58146304
ENST00000579755.1	9	21967752	21994623
ENST00000349496.5	3	41266124	41266124
ENST00000349496.5	3	41266137	41266137
ENST00000349496.5	3	41266136	41266136
ENST00000370192.3	1	97981343	97981343
ENST00000370192.3	1	97915614	97915614
ENST00000269571.5	17	37856333	37884915
ENST00000269571.5	17	37880993	37880994
ENST00000391945.4	19	45854919	45854919
ENST00000271450.6	1	161479745	161479745
ENST00000367969.3	1	161514542	161514542
ENST00000425967.3	8	38268656	38325363
ENST00000371100	20	57428713	57428713
ENST00000290295.7	17	46805705	46805705
ENST00000415913.1	2	209113111	209113113
ENST00000415913.1	2	209113113	209113113
ENST00000381652.3	9	5073770	5073770
ENST00000288135.5	4	55599321	55599321
ENST00000288135.5	4	55593464	55593464
ENST00000288135.5	4	55592023	55592216
ENST00000288135.5	4	55593582	55593708
ENST00000397979.3	19	7975157	7975157
ENST00000318493.6	7	116312459	116436396
ENST00000318493.6	7	116411903	116412043
ENST00000376592.1	1	11856378	11856378
ENST00000281043.3	2	16080686	16087129
ENST00000396334.3	3	38182641	38182641
ENST00000517671.1	5	170837531	170837569
ENST00000517671.1	5	170837547	170837548
ENST00000343289.5	10	104852980	104852980
ENST00000257290.5	4	55152093	55152093
ENST00000355710.3	10	43617416	43617416
ENST00000368508.3	6	117638347	117638347
ENST00000310581.5	5	1295228	1295228
ENST00000310581.5	5	1295161	1295373
ENST00000291552.4	21	44514777	44514777
ENST00000291552.4	21	44524456	44524456
ENST00000305208.5	2	234668881	234668882
ENST00000332351.3	11	32417803	32417953
ENST00000332351.3	11	32413518	32413610
ENST00000262887.5	19	44055726	44055726
